lastAccountName: Michi_amk
timestamps:
  login: 1458635375938
  logout: 1458635398043
ipAddress: 127.0.0.1
logoutlocation:
  world: world
  x: 224.71880885613288
  y: 69.0
  z: 308.5246671814844
  yaw: 318.68933
  pitch: 24.596006
